0.970269442 0.025899189 -0.240637541 -97.738632202 -0.026854845 0.999639094 -0.000692308 53.278377533 0.240532771 0.007134009 0.970614791 -605.474121094
0.970007122 0.024265222 -0.241862223 -98.111618042 -0.024437556 0.999698699 0.002287693 53.260730743 0.241844878 0.003691443 0.970307887 -604.000732422
0.969659448 0.024060711 -0.243272766 -98.480773926 -0.024009034 0.999706686 0.003177786 53.242378235 0.243277892 0.002759375 0.969952703 -602.528198242
0.969299376 0.024887322 -0.244620800 -98.862579346 -0.024953036 0.999684632 0.002830952 53.229343414 0.244614124 0.003359991 0.969614625 -601.062255859
0.968909323 0.025690831 -0.246078372 -99.236557007 -0.025775140 0.999663532 0.002878815 53.211616516 0.246069565 0.003553394 0.969245672 -599.610473633
0.968552709 0.025393568 -0.247509256 -99.612518311 -0.025454687 0.999671578 0.002953527 53.200107574 0.247503012 0.003439624 0.968881011 -598.153198242
0.968113422 0.025230067 -0.249238640 -99.993148804 -0.025134897 0.999677658 0.003564878 53.181274414 0.249248266 0.002813380 0.968435585 -596.700988770
0.967701912 0.023411902 -0.251008034 -100.374160767 -0.023465030 0.999720752 0.002781630 53.167747498 0.251003087 0.003198122 0.967980981 -595.248596191
0.967476726 0.022565058 -0.251951545 -100.756072998 -0.022542626 0.999741375 0.002975800 53.154331207 0.251953542 0.002800631 0.967735291 -593.825500488
0.967111230 0.022758394 -0.253333509 -101.134246826 -0.022761635 0.999736607 0.002918544 53.139060974 0.253333241 0.002943729 0.967374504 -592.384277344
0.966841578 0.022768734 -0.254359871 -101.523422241 -0.022762353 0.999736488 0.002968790 53.123130798 0.254360467 0.002919480 0.967105031 -590.951599121
0.966612339 0.024661178 -0.255053192 -101.897308350 -0.024524244 0.999692261 0.003717457 53.103446960 0.255066365 0.002661645 0.966919839 -589.540588379
0.966465175 0.025788311 -0.255499065 -102.284469604 -0.025508199 0.999664903 0.004410490 53.089504242 0.255527139 0.002254736 0.966799200 -588.117309570
0.966236353 0.027063731 -0.256231934 -102.666320801 -0.026539002 0.999632597 0.005506094 53.071369171 0.256286800 0.001479951 0.966599524 -586.684387207
0.966132998 0.027187841 -0.256608307 -103.049026489 -0.026714701 0.999628901 0.005330279 53.062412262 0.256658018 0.001705457 0.966500700 -585.275512695
0.965945423 0.027726658 -0.257255852 -103.429519653 -0.027275721 0.999613702 0.005321886 53.052955627 0.257304013 0.001876189 0.966328681 -583.861755371
0.965898871 0.028572939 -0.257338107 -103.811737061 -0.028041722 0.999590218 0.005734719 53.041797638 0.257396519 0.001677046 0.966304421 -582.457275391
0.965910196 0.029531527 -0.257187575 -104.192626953 -0.028653465 0.999563694 0.007161970 53.028034210 0.257286876 0.000451496 0.966334939 -581.047729492
0.965868771 0.029403621 -0.257357419 -104.563522339 -0.028862394 0.999566138 0.005881213 53.015544891 0.257418662 0.001747472 0.966298342 -579.661437988
0.965836167 0.029312678 -0.257490247 -104.941162109 -0.029359264 0.999562204 0.003664613 53.008220673 0.257484943 0.004020310 0.966273904 -578.278930664
0.966027617 0.027693940 -0.256950349 -105.315994263 -0.027706534 0.999609709 0.003572084 52.991657257 0.256948978 0.003668471 0.966417968 -576.895263672
0.966088474 0.027446188 -0.256748378 -105.682708740 -0.026712513 0.999623060 0.006345480 52.975372314 0.256825745 0.000728098 0.966457427 -575.532714844
0.966172576 0.026268074 -0.256554872 -106.054138184 -0.025167851 0.999654531 0.007571513 52.963470459 0.256665111 -0.000858454 0.966499984 -574.150329590
0.966215491 0.025451420 -0.256475508 -106.420745850 -0.024512373 0.999675989 0.006858105 52.953002930 0.256566972 -0.000339582 0.966526389 -572.798889160
0.966368556 0.024956847 -0.255947232 -106.779678345 -0.024480715 0.999687552 0.005046566 52.939422607 0.255993277 0.001388929 0.966677487 -571.469055176
0.966510415 0.025943831 -0.255312562 -107.137176514 -0.025715802 0.999660373 0.004231781 52.925170898 0.255335689 0.002475507 0.966849208 -570.164672852
0.966660678 0.026125845 -0.254724443 -107.489456177 -0.026154220 0.999652445 0.003276125 52.907951355 0.254721493 0.003495218 0.967008114 -568.837097168
0.966986835 0.026846450 -0.253408432 -107.834777832 -0.026578858 0.999636650 0.004480079 52.888717651 0.253436625 0.002403130 0.967349052 -567.551025391
0.967335045 0.027714603 -0.251981497 -108.178512573 -0.026963277 0.999615610 0.006434692 52.873153687 0.252063006 0.000569744 0.967710555 -566.267700195
0.967806637 0.027387023 -0.250200391 -108.511886597 -0.026373966 0.999624729 0.007401438 52.858356476 0.250309169 -0.000564385 0.968165755 -565.015686035
0.968325138 0.028081125 -0.248108402 -108.833450317 -0.026920628 0.999604940 0.008069497 52.842857361 0.248237014 -0.001134662 0.968698621 -563.765991211
0.969253600 0.027792003 -0.244489372 -109.159439087 -0.026771054 0.999613404 0.007498560 52.830356598 0.244603276 -0.000722768 0.969622970 -562.535766602
0.970062912 0.026941489 -0.241354659 -109.470817566 -0.026350439 0.999636710 0.005676772 52.813869476 0.241419926 0.000852976 0.970420361 -561.327697754
0.970945835 0.026039347 -0.237878054 -109.768348694 -0.025928862 0.999657333 0.003593848 52.804939270 0.237890124 0.002678476 0.971288383 -560.130249023
0.971824169 0.026684912 -0.234191388 -110.054374695 -0.026420552 0.999641776 0.004266681 52.788040161 0.234221354 0.002041001 0.972181201 -558.952209473
0.973146141 0.026657244 -0.228639618 -110.344062805 -0.026444873 0.999642253 0.003993121 52.775024414 0.228664294 0.002160455 0.973502874 -557.770385742
0.974515438 0.028046882 -0.222560376 -110.619430542 -0.028146541 0.999600112 0.002724777 52.763324738 0.222547784 0.003608967 0.974915028 -556.602111816
0.976053059 0.029310297 -0.215549216 -110.882751465 -0.029455170 0.999562919 0.002540844 52.746433258 0.215529472 0.003869040 0.976489723 -555.440185547
0.977846086 0.030454477 -0.207097828 -111.133796692 -0.030444942 0.999531209 0.003233897 52.733650208 0.207099244 0.003142827 0.978314936 -554.281433105
0.979896367 0.033100966 -0.196741879 -111.375862122 -0.033038635 0.999447584 0.003599849 52.719741821 0.196752399 0.002972605 0.980448663 -553.133666992
0.982262433 0.035186354 -0.184180424 -111.598274231 -0.035174642 0.999375582 0.003331808 52.703235626 0.184182674 0.003205772 0.982886732 -552.025695801
0.984812975 0.037128609 -0.169602230 -111.803619385 -0.037115991 0.999305665 0.003245929 52.690345764 0.169605017 0.003098323 0.985507250 -550.910339355
0.987331271 0.039948352 -0.153561205 -111.987892151 -0.039779823 0.999199688 0.004171123 52.672710419 0.153604969 0.001990358 0.988130331 -549.797973633
0.989910781 0.040477578 -0.135786325 -112.149848938 -0.040251587 0.999179780 0.004410536 52.659172058 0.135853499 0.001099578 0.990728259 -548.691833496
0.992347002 0.040014729 -0.116816454 -112.288002014 -0.039906621 0.999198020 0.003265127 52.641826630 0.116853409 0.001421611 0.993148148 -547.592834473
0.994551480 0.039079387 -0.096644007 -112.399246216 -0.039100580 0.999233842 0.001675306 52.632331848 0.096635416 0.002112658 0.995317638 -546.495666504
0.996499419 0.035841521 -0.075526662 -112.483551025 -0.035872411 0.999355793 0.000948062 52.611251831 0.075512007 0.001764579 0.997143269 -545.434020996
0.998072386 0.031355407 -0.053556401 -112.539382935 -0.031257920 0.999507725 0.002657140 52.596359253 0.053613327 -0.000977959 0.998561323 -544.380493164
0.999206066 0.026356522 -0.029876320 -112.575973511 -0.026265716 0.999649048 0.003427849 52.580200195 0.029956192 -0.002640404 0.999547660 -543.322204590
0.999765038 0.020893516 -0.005763737 -112.573982239 -0.020880343 0.999779165 0.002336137 52.562274933 0.005811291 -0.002215238 0.999980628 -542.282958984
0.999691367 0.014444860 0.020210698 -112.550094604 -0.014445787 0.999895632 -0.000100002 52.545234680 -0.020210043 -0.000191988 0.999795735 -541.254516602
0.998813093 0.010737603 0.047508605 -112.494873047 -0.010755214 0.999942124 0.000115106 52.530315399 -0.047504649 -0.000625935 0.998870850 -540.227294922
0.997064471 0.008528463 0.076091364 -112.424667358 -0.008671623 0.999961197 0.001551115 52.513385773 -0.076075189 -0.002206397 0.997099638 -539.223327637
0.994458616 0.004356750 0.105038233 -112.315368652 -0.004756777 0.999982357 0.003558153 52.501403809 -0.105020896 -0.004038081 0.994461834 -538.228332520
0.990774393 0.001104662 0.135516971 -112.178565979 -0.001466852 0.999995589 0.002572839 52.484302521 -0.135513589 -0.002747887 0.990771651 -537.246948242
0.986022592 0.000747750 0.166610092 -112.018569946 -0.000424564 0.999997973 -0.001975368 52.470077515 -0.166611239 0.001877021 0.986020744 -536.286010742
0.980332136 -0.002484214 0.197338700 -111.820617676 0.004136464 0.999959707 -0.007960901 52.449161530 -0.197310999 0.008620609 0.980303049 -535.343994141
0.973544657 -0.005420241 0.228431895 -111.594421387 0.008156300 0.999905825 -0.011035185 52.428516388 -0.228350639 0.012606407 0.973497272 -534.411987305
0.965402246 -0.005560315 0.260706097 -111.341934204 0.008024973 0.999932647 -0.008390231 52.405353546 -0.260641843 0.010192106 0.965381742 -533.478759766
0.955526888 -0.002974413 0.294889063 -111.062736511 0.004220743 0.999984741 -0.003590039 52.384361267 -0.294873863 0.004675030 0.955524743 -532.562438965
0.943929672 -0.002535984 0.330136687 -110.752586365 0.002932695 0.999995470 -0.000703605 52.363475800 -0.330133438 0.001632344 0.943932831 -531.654968262
0.930817842 0.002805062 0.365472585 -110.416481018 -0.000546917 0.999980152 -0.006282065 52.345161438 -0.365482926 0.005647575 0.930800855 -530.781311035
0.916565835 0.008456226 0.399794281 -110.047111511 -0.003018992 0.999894202 -0.014227888 52.325454712 -0.399872273 0.011833820 0.916494429 -529.923217773
0.901520133 0.010352043 0.432613313 -109.649230957 -0.003202130 0.999846041 -0.017252503 52.309406281 -0.432725221 0.014168193 0.901414514 -529.070068359
0.885382652 0.008333771 0.464788020 -109.212478638 -0.001600082 0.999887884 -0.014880225 52.284889221 -0.464859903 0.012430995 0.885297000 -528.242675781
0.868155062 0.007563390 0.496235400 -108.752807617 -0.000426443 0.999894857 -0.014493872 52.248905182 -0.496292830 0.012371314 0.868066967 -527.447570801
0.849628508 0.008783474 0.527308464 -108.268722534 0.001143741 0.999828398 -0.018497180 52.227302551 -0.527380347 0.016318839 0.849472523 -526.654174805
0.830179691 0.010562409 0.557395756 -107.756103516 0.001610207 0.999771059 -0.021343447 52.199451447 -0.557493448 0.018616423 0.829972506 -525.907104492
0.809603333 0.013100361 0.586831033 -107.221893311 0.000503843 0.999734938 -0.023013102 52.171195984 -0.586977065 0.018927155 0.809382260 -525.164306641
0.787853360 0.014760421 0.615685761 -106.665054321 0.000850969 0.999685645 -0.025055349 52.142295837 -0.615862131 0.020263873 0.787593246 -524.451416016
0.765112519 0.019837296 0.643590927 -106.072937012 0.000613359 0.999502540 -0.031536661 52.102199554 -0.643896341 0.024523849 0.764719605 -523.738525391
0.741025567 0.027956489 0.670894623 -105.460571289 0.000202419 0.999123573 -0.041857518 52.068428040 -0.671476841 0.031153295 0.740370393 -523.060791016
0.715927541 0.035258710 0.697283745 -104.823974609 -0.000072962 0.998727798 -0.050426550 52.022632599 -0.698174596 0.036050882 0.715019166 -522.406616211
0.689489067 0.040447623 0.723165691 -104.150115967 -0.001828335 0.998533487 -0.054106109 51.972145081 -0.724293649 0.035983384 0.688551903 -521.752075195
0.662272453 0.040639274 0.748160183 -103.449722290 -0.002634023 0.998648047 -0.051913880 51.917274475 -0.749258399 0.032410458 0.661484241 -521.130676270
0.633707285 0.041289050 0.772470117 -102.728073120 -0.006413621 0.998820603 -0.048126120 51.863441467 -0.773546338 0.025543543 0.633224726 -520.522827148
0.604010820 0.043616373 0.795781791 -101.988113403 -0.009797942 0.998832226 -0.047308672 51.807922363 -0.796915889 0.020777922 0.603732824 -519.954162598
0.573008895 0.048343565 0.818122029 -101.220428467 -0.015984027 0.998728096 -0.047820590 51.753898621 -0.819393277 0.014324740 0.573052764 -519.391235352
0.541904986 0.051318385 0.838871419 -100.420471191 -0.019828852 0.998636842 -0.048282813 51.699028015 -0.840205848 0.009530838 0.542183936 -518.886474609
0.508760750 0.051978197 0.859337389 -99.600280762 -0.021570290 0.998631954 -0.047633179 51.650489807 -0.860637605 0.005697738 0.509186029 -518.358581543
0.475938439 0.051811028 0.877951145 -98.755432129 -0.021232683 0.998649180 -0.047423586 51.595649719 -0.879222274 0.003929450 0.476395607 -517.898315430
0.443618983 0.051466804 0.894736588 -97.883270264 -0.019592471 0.998668075 -0.047730997 51.542343140 -0.896001279 0.003644276 0.444036514 -517.472290039
0.410828441 0.050080821 0.910336256 -96.985733032 -0.016714616 0.998736143 -0.047400832 51.489582062 -0.911559403 0.004257688 0.411146343 -517.064086914
0.379247397 0.047466673 0.924077034 -96.077316284 -0.007415202 0.998807251 -0.048262056 51.436977386 -0.925265551 0.011451039 0.379147053 -516.711853027
0.347293198 0.049966492 0.936424434 -95.178863525 -0.004232779 0.998652816 -0.051717103 51.374088287 -0.937747002 0.013997319 0.347036839 -516.378723145
0.316297024 0.054868527 0.947072148 -94.223236084 -0.003019586 0.998379171 -0.056832533 51.311996460 -0.948655367 0.015116196 0.315950036 -516.050842285
0.288643032 0.057154022 0.955729365 -93.288375854 0.004708754 0.998119891 -0.061111137 51.251663208 -0.957425177 0.022139598 0.287831187 -515.778930664
0.264431328 0.055265300 0.962819695 -92.329864502 0.007485885 0.998209059 -0.059352573 51.189456940 -0.964375436 0.022902237 0.263544023 -515.522583008
0.242625087 0.051985677 0.968726277 -91.335174561 0.009408328 0.998390198 -0.055933949 51.120861053 -0.970074475 0.022685073 0.241745397 -515.271972656
0.224274427 0.049691908 0.973258317 -90.372222900 0.010054031 0.998528004 -0.053298924 51.059398651 -0.974474132 0.021738755 0.223444685 -515.050964355
0.208059669 0.051955324 0.976735294 -89.406074524 0.012803086 0.998358130 -0.055832744 50.988384247 -0.978032291 0.024121771 0.207052842 -514.844299316
0.193882823 0.056096178 0.979419529 -88.399856567 0.015214503 0.998071730 -0.060176294 50.932041168 -0.980906725 0.026568532 0.192655504 -514.651611328
0.182101533 0.060281552 0.981430113 -87.423118591 0.019735562 0.997693777 -0.064942367 50.864891052 -0.983081639 0.031195182 0.180491894 -514.474426270
0.173684970 0.062595919 0.982809901 -86.433723450 0.025249843 0.997366607 -0.067985266 50.793033600 -0.984477580 0.036623821 0.171647102 -514.308288574
0.167987391 0.066716991 0.983528852 -85.428001404 0.029919583 0.996902406 -0.072734475 50.711448669 -0.985334933 0.041645247 0.165470913 -514.146606445
0.164474785 0.071139529 0.983812511 -84.441574097 0.031862974 0.996492147 -0.077383280 50.632308960 -0.985866606 0.044074792 0.161631092 -513.983520508
0.161653876 0.074645825 0.984020233 -83.440628052 0.033770856 0.996132672 -0.081112489 50.545387268 -0.986269474 0.046343360 0.158507869 -513.825683594
0.159245715 0.077381089 0.984201610 -82.452262878 0.034383614 0.995883942 -0.083862908 50.455604553 -0.986640096 0.047195230 0.155929610 -513.668945312
0.156969637 0.080813721 0.984291494 -81.436561584 0.035718404 0.995529830 -0.087432615 50.367988586 -0.986957312 0.048881594 0.153381437 -513.516052246
0.154911339 0.084327281 0.984322786 -80.441024780 0.037033103 0.995154321 -0.091083445 50.273033142 -0.987233996 0.050562382 0.151037812 -513.362609863
0.153042734 0.084922090 0.984563947 -79.436370850 0.039925672 0.994955957 -0.092024572 50.172897339 -0.987412691 0.053393066 0.148880228 -513.217895508
0.150895968 0.083613187 0.985007226 -78.429771423 0.040187310 0.995073974 -0.090624124 50.074615479 -0.987732351 0.053259607 0.146792486 -513.065612793
0.148649916 0.083569162 0.985352457 -77.413749695 0.039454836 0.995128155 -0.090350419 49.974639893 -0.988102615 0.052307494 0.144628510 -512.912963867
0.145989090 0.084914126 0.985635281 -76.406524658 0.039217617 0.995029569 -0.091532245 49.877582550 -0.988508582 0.052016973 0.141933367 -512.753723145
0.143898547 0.087176025 0.985745192 -75.387069702 0.039054073 0.994836032 -0.093681090 49.771759033 -0.988821447 0.051977936 0.139750883 -512.616088867
0.141331032 0.089689583 0.985891104 -74.365264893 0.037428230 0.994691312 -0.095855646 49.664550781 -0.989254594 0.050447535 0.137223825 -512.473632812
0.138893247 0.093917497 0.985843897 -73.340827942 0.034942888 0.994408071 -0.099656425 49.558780670 -0.989690721 0.048289832 0.134834826 -512.328613281
0.136437580 0.099120721 0.985677361 -72.310577393 0.031250093 0.994055867 -0.104288906 49.452571869 -0.990155756 0.045031436 0.132529050 -512.177978516
0.133812979 0.102150433 0.985727847 -71.275337219 0.029397743 0.993826389 -0.106980458 49.342987061 -0.990570426 0.043293551 0.129983902 -512.043579102
0.130886987 0.100999609 0.986239135 -70.235038757 0.027465235 0.994045794 -0.105444074 49.224960327 -0.991016805 0.040888555 0.127333686 -511.902191162
0.128206372 0.097739622 0.986919403 -69.181961060 0.024825290 0.994503736 -0.101715647 49.112709045 -0.991436720 0.037541158 0.125075296 -511.772125244
0.125931144 0.095986083 0.987384379 -68.133697510 0.025245422 0.994675756 -0.099914692 48.998878479 -0.991717696 0.037509311 0.122837447 -511.638183594
0.123702280 0.096616916 0.987604618 -67.101852417 0.024512727 0.994647563 -0.100376256 48.883422852 -0.992016494 0.036625657 0.120671831 -511.500518799
0.122376777 0.099471390 0.987486422 -66.054687500 0.025405012 0.994324923 -0.103308626 48.777271271 -0.992158413 0.037729681 0.119155198 -511.368896484
0.121789187 0.101951398 0.987306058 -65.007904053 0.026071740 0.994038880 -0.105862737 48.660430908 -0.992213547 0.038633727 0.118405163 -511.243194580
0.121129058 0.102933735 0.987285376 -63.959915161 0.024522617 0.993995011 -0.106641941 48.542861938 -0.992333770 0.037128262 0.117877506 -511.105255127
0.121273629 0.102276847 0.987335861 -62.895374298 0.021680493 0.994167268 -0.105647504 48.423252106 -0.992382407 0.034218185 0.118348829 -510.980346680
0.120883912 0.102168053 0.987394929 -61.835865021 0.018344825 0.994289517 -0.105127372 48.297805786 -0.992497087 0.030821797 0.118319392 -510.838806152
0.121093385 0.104625158 0.987111986 -60.767250061 0.014349349 0.994141340 -0.107130505 48.183975220 -0.992537498 0.027137207 0.118882641 -510.709136963
0.120702654 0.105884254 0.987025499 -59.694778442 0.010251137 0.994109035 -0.107897751 48.064632416 -0.992635727 0.023141680 0.118906200 -510.569976807
0.120643549 0.105723992 0.987049997 -58.613464355 0.007089134 0.994195342 -0.107355811 47.936004639 -0.992670536 0.019949116 0.119193777 -510.439636230
0.119952582 0.100836657 0.987645388 -57.534885406 0.007179804 0.994714260 -0.102430381 47.821113586 -0.992753625 0.019377889 0.118594550 -510.297149658
0.120011374 0.091741294 0.988524616 -56.442314148 0.010338288 0.995551586 -0.093648568 47.709129333 -0.992718697 0.021458542 0.118529074 -510.165344238
0.120624758 0.084715694 0.989076853 -55.345138550 0.016293548 0.996048748 -0.087299958 47.593776703 -0.992564380 0.026646107 0.118767813 -510.039947510
0.121281579 0.085029505 0.988969505 -54.252357483 0.024801169 0.995753646 -0.088654265 47.490455627 -0.992308199 0.035279732 0.118657745 -509.918304443
0.122657247 0.089309826 0.988422334 -53.164260864 0.030435428 0.995135725 -0.093693279 47.388046265 -0.991982281 0.041575219 0.119342431 -509.791198730
0.123357706 0.094046757 0.987895727 -52.068115234 0.034415442 0.994494796 -0.098972410 47.276439667 -0.991765320 0.046207882 0.119441941 -509.659423828
0.123774081 0.098091282 0.987450361 -50.987339020 0.034608956 0.994070053 -0.103087001 47.159210205 -0.991706729 0.046934120 0.119645290 -509.517791748
0.123957954 0.096213840 0.987611890 -49.874729156 0.031264789 0.994415283 -0.100800745 47.044857025 -0.991794884 0.043372523 0.120257564 -509.372039795
0.124332763 0.091969177 0.987969100 -48.779441833 0.030946439 0.994851291 -0.096504323 46.927513123 -0.991757929 0.042572774 0.120846495 -509.229095459
0.124456041 0.090256236 0.988111556 -47.616302490 0.028577009 0.995114982 -0.094495319 46.811061859 -0.991813540 0.039997790 0.121268824 -509.096099854
0.124371633 0.091659695 0.987993121 -46.493621826 0.026471527 0.995063066 -0.095647931 46.701953888 -0.991882503 0.038049579 0.121331282 -508.948822021
0.124672011 0.096182697 0.987525105 -45.368034363 0.027997814 0.994552910 -0.100401819 46.581760406 -0.991802871 0.040165845 0.121300012 -508.808502197
0.125704750 0.099212416 0.987094343 -44.223381042 0.027589215 0.994252443 -0.103445292 46.466476440 -0.991684079 0.040236726 0.122245058 -508.673675537
0.125828713 0.098065704 0.987193227 -43.094871521 0.027208574 0.994386673 -0.102248348 46.349765778 -0.991678774 0.039725896 0.122454219 -508.523925781
0.126522437 0.090921804 0.987788022 -41.943748474 0.028895142 0.995030046 -0.095289484 46.227081299 -0.991542757 0.040598534 0.123266444 -508.380035400
0.125871286 0.089751698 0.987978280 -40.801307678 0.028150797 0.995174885 -0.093991943 46.116020203 -0.991647124 0.039643262 0.122737356 -508.235809326
0.126468778 0.093063183 0.987595558 -39.666297913 0.025989328 0.994936943 -0.097083092 45.997306824 -0.991630077 0.037944924 0.123409815 -508.087493896
0.126422331 0.096505418 0.987271011 -38.505920410 0.025042767 0.994628727 -0.100431420 45.882644653 -0.991660237 0.037420776 0.123326533 -507.933624268
0.126615852 0.096060291 0.987289608 -37.344650269 0.023713874 0.994722486 -0.099824689 45.760543823 -0.991668284 0.036051851 0.123669662 -507.781890869
0.126893699 0.092804767 0.987565339 -36.169937134 0.023747822 0.995043993 -0.096558951 45.639926910 -0.991631925 0.035705242 0.124060892 -507.632354736
0.127600268 0.091535293 0.987592757 -35.003585815 0.023501862 0.995173573 -0.095274426 45.514831543 -0.991547167 0.035367314 0.124833167 -507.484191895
0.128839716 0.091444306 0.987440228 -33.822303772 0.024953730 0.995125055 -0.095411897 45.393150330 -0.991351366 0.036933161 0.125929758 -507.329803467
0.130097106 0.091435716 0.987276196 -32.632987976 0.027292397 0.995031118 -0.095750362 45.274520874 -0.991125464 0.039401975 0.126955166 -507.182189941
0.131499037 0.090765640 0.987152398 -31.437789917 0.027281871 0.995090902 -0.095129840 45.155403137 -0.990940750 0.039440837 0.128377289 -507.037689209
0.132540599 0.091714419 0.986925304 -30.245643616 0.028113149 0.994961321 -0.096236721 45.040016174 -0.990778804 0.040500842 0.129294425 -506.875061035
0.133874491 0.089783773 0.986922741 -29.059265137 0.027469242 0.995168626 -0.094260082 44.914981842 -0.990617573 0.039729036 0.130761385 -506.712860107
0.135150731 0.088609375 0.986854851 -27.849258423 0.026691316 0.995306015 -0.093023598 44.788288116 -0.990465462 0.038912661 0.132151231 -506.558074951
0.136771023 0.088107988 0.986676514 -26.643424988 0.027866334 0.995300293 -0.092740819 44.673728943 -0.990210652 0.040179316 0.133672982 -506.391510010
0.139071748 0.089119524 0.986264110 -25.421524048 0.025676573 0.995282948 -0.093555100 44.548728943 -0.989949286 0.038334753 0.136127457 -506.227539062
0.139211088 0.091371700 0.986038268 -24.213340759 0.025838027 0.995059848 -0.095855549 44.426445007 -0.989925563 0.038821444 0.136162519 -506.044036865
0.139975920 0.090697624 0.985992193 -23.002914429 0.023145061 0.995224059 -0.094832599 44.307022095 -0.989884317 0.036095135 0.137208238 -505.863952637
0.140696883 0.090273343 0.985928595 -21.770217896 0.020013381 0.995371580 -0.093993962 44.179065704 -0.989850402 0.032956421 0.138239011 -505.686828613
0.140569091 0.091989495 0.985788107 -20.540908813 0.017147297 0.995298684 -0.095322102 44.058845520 -0.989922345 0.030302944 0.138330862 -505.506408691
0.140632898 0.092213660 0.985758066 -19.326339722 0.014048249 0.995367110 -0.095116712 43.935775757 -0.989962101 0.027224723 0.138685927 -505.337066650
0.139390334 0.090180635 0.986122549 -18.090095520 0.011234912 0.995636404 -0.092638753 43.809402466 -0.990173817 0.023991950 0.137768939 -505.157440186
0.138152987 0.089370191 0.986370564 -16.842361450 0.009165606 0.995762348 -0.091504909 43.686084747 -0.990368485 0.021682357 0.136748448 -504.978485107
0.136277318 0.089503922 0.986619234 -15.593040466 0.006941315 0.995799601 -0.091295533 43.567077637 -0.990646422 0.019289944 0.135083631 -504.791870117
0.135000870 0.088978954 0.986842215 -14.345863342 0.007187649 0.995845556 -0.090774052 43.434127808 -0.990819395 0.019347649 0.133800477 -504.624145508
0.132846385 0.087869741 0.987233937 -13.094032288 0.006878397 0.995956659 -0.089571714 43.314334869 -0.991112709 0.018689865 0.131704852 -504.453277588
0.129255995 0.083946764 0.988051474 -11.836387634 0.003668011 0.996362805 -0.085132748 43.195262909 -0.991604567 0.014628099 0.128477931 -504.274536133
0.124772921 0.084230676 0.988603532 -10.585891724 0.002919208 0.996354520 -0.085259497 43.080360413 -0.992181003 0.013524016 0.124072187 -504.108856201
0.119549274 0.091286130 0.988622665 -9.351013184 -0.000805709 0.995772481 -0.091848902 42.962463379 -0.992827892 0.010183929 0.119117483 -503.959045410
0.112053566 0.094469048 0.989201486 -8.134216309 0.000115932 0.995469511 -0.095080771 42.843849182 -0.993702173 0.010768821 0.111534990 -503.807922363
0.103630155 0.090161815 0.990520835 -6.880794525 0.002312649 0.995858312 -0.090889618 42.718509674 -0.994613230 0.011709634 0.102992401 -503.685302734
0.092965029 0.087589122 0.991809309 -5.648231506 0.004947955 0.996070147 -0.088429205 42.594249725 -0.995657086 0.013128255 0.092166297 -503.568725586
0.079840913 0.088750705 0.992848814 -4.414031982 0.005265614 0.995977044 -0.089453779 42.473106384 -0.996793687 0.012370029 0.079052404 -503.463317871
0.065897688 0.088500895 0.993893921 -3.184387207 0.007930417 0.995981038 -0.089212552 42.351604462 -0.997794807 0.013760893 0.064930998 -503.382141113
0.051062267 0.086507298 0.994941771 -1.956867218 0.008655641 0.996165633 -0.087057941 42.231243134 -0.998657882 0.013057239 0.050117731 -503.312744141
0.035685394 0.088271067 0.995457053 -0.733446121 0.013262747 0.995961905 -0.088791281 42.110466003 -0.999275088 0.016371047 0.034370597 -503.271545410
0.020107821 0.092048787 0.995551407 0.469682693 0.013538961 0.995636284 -0.092330098 41.991458893 -0.999706089 0.015335291 0.018773869 -503.241821289
0.004533197 0.096272588 0.995344639 1.666825294 0.013681280 0.995255768 -0.096326299 41.870262146 -0.999896169 0.014054255 0.003194585 -503.232025146
-0.012035638 0.095402546 0.995366037 2.871832371 0.010642612 0.995393932 -0.095276527 41.745197296 -0.999870896 0.009446586 -0.012995526 -503.235900879
-0.028960830 0.091223031 0.995409310 4.070219040 0.005504525 0.995826423 -0.091101117 41.623527527 -0.999565303 0.002840895 -0.029342106 -503.251800537
-0.045586165 0.088133186 0.995064974 5.294893265 0.001870018 0.996106446 -0.088139735 41.503551483 -0.998958647 -0.002157161 -0.045573425 -503.286499023
-0.061875202 0.090242751 0.993995845 6.489805222 0.000318785 0.995905817 -0.090396315 41.385490417 -0.998083889 -0.005276419 -0.061650619 -503.342681885
-0.076289743 0.092706218 0.992766559 7.692234039 0.001099027 0.995675564 -0.092893392 41.269252777 -0.997085094 -0.005995742 -0.076061726 -503.434783936
-0.090969026 0.094903886 0.991321266 8.883441925 0.002869871 0.995469451 -0.095037654 41.147922516 -0.995849550 -0.005800519 -0.090829179 -503.534942627
-0.106018886 0.094113648 0.989900291 10.071548462 0.005390930 0.995550811 -0.094073474 41.016628265 -0.994349480 -0.004637079 -0.106054515 -503.655212402
-0.120990664 0.092280582 0.988354921 11.260467529 0.005385443 0.995715916 -0.092308596 40.893848419 -0.992639065 -0.005845746 -0.120969303 -503.789031982
-0.136317521 0.091215141 0.986456990 12.453170776 0.005945216 0.995809495 -0.091258384 40.768024445 -0.990647316 -0.006575413 -0.136288568 -503.950042725
-0.152179018 0.093408272 0.983929098 13.624244690 0.004835833 0.995582402 -0.093766645 40.648376465 -0.988341093 -0.009511201 -0.151958451 -504.120391846
-0.168458208 0.095429920 0.981078386 14.792030334 0.006081627 0.995384216 -0.095777199 40.525047302 -0.985689998 -0.010167905 -0.168261006 -504.302673340
-0.184186250 0.097506076 0.978042841 15.968528748 0.007896354 0.995181799 -0.097727679 40.404663086 -0.982859612 -0.010277125 -0.184068739 -504.516571045
-0.199707106 0.099763423 0.974763751 17.144767761 0.011025172 0.994969189 -0.099572577 40.277366638 -0.979793549 -0.009138412 -0.199802294 -504.757904053
-0.215975508 0.103899784 0.970854938 18.309593201 0.011011913 0.994518161 -0.103982493 40.152664185 -0.976336598 -0.011766700 -0.215935618 -505.004730225
-0.232205793 0.106293321 0.966841280 19.478370667 0.012046967 0.994248986 -0.106413156 40.019065857 -0.972592056 -0.013062243 -0.232150823 -505.281585693
-0.249183849 0.104301296 0.962823212 20.649085999 0.011182864 0.994427145 -0.104830720 39.890983582 -0.968391657 -0.015354997 -0.248961508 -505.572204590
-0.266933769 0.100402340 0.958470345 21.820823669 0.008981619 0.994774163 -0.101703852 39.757423401 -0.963672996 -0.018539583 -0.266440570 -505.881042480
-0.284780800 0.101339720 0.953220904 22.995101929 0.009053869 0.994636238 -0.103037789 39.629871368 -0.958549917 -0.020712841 -0.284170806 -506.220214844
-0.302520424 0.101040080 0.947772205 24.160629272 0.008226536 0.994605064 -0.103406981 39.501838684 -0.953107357 -0.023485839 -0.301719546 -506.579528809
-0.320341736 0.100556508 0.941949964 25.321624756 0.007991786 0.994601488 -0.103459381 39.373245239 -0.947268248 -0.025614491 -0.319415987 -506.966491699
-0.338055462 0.100440659 0.935751081 26.483154297 0.007073057 0.994531751 -0.104194716 39.233978271 -0.941099584 -0.028604979 -0.336917371 -507.365966797
-0.355627388 0.100119628 0.929249763 27.638122559 0.006832048 0.994497716 -0.104534954 39.100837708 -0.934602797 -0.030826818 -0.354354769 -507.796997070
-0.372328848 0.098129287 0.922898591 28.790908813 0.007712355 0.994687498 -0.102650985 38.971511841 -0.928068876 -0.031102203 -0.371107668 -508.264892578
-0.389568150 0.094446309 0.916142166 29.939956665 0.008222845 0.995045125 -0.099083945 38.836421967 -0.920960903 -0.031066658 -0.388414502 -508.740905762
-0.406821132 0.092603274 0.908802032 31.094070435 0.008818007 0.995200396 -0.097459570 38.707778931 -0.913465261 -0.031634796 -0.405685097 -509.249237061
-0.423622489 0.091590583 0.901196539 32.227569580 0.008611633 0.995237291 -0.097100124 38.582176208 -0.905797839 -0.033373017 -0.422393680 -509.776062012
-0.441315353 0.093519062 0.892465651 33.368682861 0.007711629 0.994913161 -0.100440919 38.445579529 -0.897318900 -0.037443757 -0.439791620 -510.317260742
-0.459347486 0.093958400 0.883273244 34.491470337 0.006035605 0.994696856 -0.102672286 38.314460754 -0.888236105 -0.041831166 -0.457478642 -510.881744385
-0.478228003 0.091268100 0.873480439 35.611465454 0.004471359 0.994825542 -0.101499140 38.180892944 -0.878224313 -0.044634096 -0.476161450 -511.469848633
-0.497827858 0.083819158 0.863215864 36.720748901 0.001320674 0.995391071 -0.095891833 38.045467377 -0.867274761 -0.046597604 -0.495644093 -512.085083008
-0.518160999 0.081943572 0.851348460 37.825759888 0.000962329 0.995455027 -0.095228307 37.917984009 -0.855282485 -0.048524335 -0.515884876 -512.735900879
-0.539442062 0.079893187 0.838223994 38.916732788 -0.000259494 0.995472610 -0.095047943 37.789260864 -0.842022657 -0.051490381 -0.536979079 -513.415588379
-0.561075270 0.076770604 0.824196935 39.993743896 -0.003354710 0.995470881 -0.095007770 37.660770416 -0.827758074 -0.056071453 -0.558276415 -514.118041992
-0.581713200 0.075266458 0.809904218 41.041870117 -0.002178490 0.995561779 -0.094084792 37.533302307 -0.813391209 -0.056494728 -0.578967392 -514.845520020
-0.601686716 0.077462688 0.794967055 42.087615967 0.000191673 0.995300114 -0.096838348 37.397644043 -0.798732221 -0.058113962 -0.598873615 -515.620910645
-0.620728910 0.076632246 0.780271173 43.102920532 0.004065980 0.995513022 -0.094537035 37.273426056 -0.784014881 -0.055509292 -0.618255198 -516.411376953
-0.639866054 0.076948225 0.764624298 44.111511230 0.008307243 0.995608926 -0.093241617 37.133308411 -0.768441617 -0.053310219 -0.637695491 -517.219848633
-0.658092201 0.078894697 0.748792529 45.079742432 0.010837313 0.995384574 -0.095351651 37.004798889 -0.752859533 -0.054635286 -0.655909956 -518.082824707
-0.676387489 0.081271738 0.732048512 46.029418945 0.012070685 0.994983256 -0.099309787 36.872146606 -0.736446977 -0.058335580 -0.673975348 -518.931762695
-0.693574488 0.081567429 0.715752125 46.966583252 0.015108459 0.994997561 -0.098750070 36.742347717 -0.720226228 -0.057676617 -0.691337407 -519.826843262
-0.709493876 0.079098761 0.700258434 47.878570557 0.016399207 0.995264888 -0.095806189 36.609813690 -0.704520702 -0.056490231 -0.707431614 -520.733581543
-0.723802149 0.081347518 0.685195565 48.761199951 0.019966664 0.995079577 -0.097045779 36.476188660 -0.689718485 -0.056560881 -0.721865058 -521.661132812
-0.736878574 0.084744975 0.670692265 49.621749878 0.022998173 0.994679868 -0.100414522 36.346981049 -0.675633609 -0.058568619 -0.734907389 -522.602111816
-0.749752820 0.082942314 0.656499267 50.476043701 0.021241754 0.994618833 -0.101401344 36.209705353 -0.661376894 -0.062080760 -0.747480094 -523.557861328
-0.761769950 0.080552749 0.642820179 51.318603516 0.020639639 0.994753659 -0.100195177 36.069389343 -0.647518814 -0.063058086 -0.759436011 -524.526367188
-0.772143662 0.078915454 0.630528808 52.136917114 0.019867474 0.994771540 -0.100173585 35.933158875 -0.635137320 -0.064821348 -0.769674420 -525.517150879
-0.782066882 0.077020273 0.618416727 52.947067261 0.019490901 0.994870901 -0.099256746 35.793525696 -0.622889638 -0.065571919 -0.779556811 -526.522155762
-0.791535079 0.074642755 0.606548131 53.738464355 0.018616600 0.994997323 -0.098151587 35.658405304 -0.610840142 -0.066398531 -0.788964808 -527.533447266
-0.800227046 0.069355473 0.595673144 54.516128540 0.016136041 0.995420456 -0.094221741 35.529598236 -0.599480212 -0.065786965 -0.797681272 -528.564514160
-0.808346033 0.065356337 0.585068464 55.304504395 0.014875235 0.995768726 -0.090682425 35.396110535 -0.588519692 -0.064599760 -0.805897832 -529.606445312
-0.815218091 0.065257281 0.575465739 56.059555054 0.018040586 0.996010780 -0.087389968 35.274749756 -0.578873038 -0.060860138 -0.813143194 -530.660583496
-0.819922388 0.069310471 0.568263590 56.783233643 0.022668991 0.995796084 -0.088748075 35.147567749 -0.572025776 -0.059884563 -0.818046808 -531.698608398
-0.823726654 0.073843390 0.562158048 57.516204834 0.027927436 0.995563507 -0.089852341 35.022563934 -0.566299021 -0.058314130 -0.822134435 -532.749633789
-0.826516151 0.077906102 0.557495892 58.233139038 0.031691957 0.995245814 -0.092093654 34.897190094 -0.562020123 -0.058448751 -0.825055778 -533.823059082
-0.829453170 0.075154401 0.553497374 58.950683594 0.029525660 0.995421112 -0.090913020 34.772216797 -0.557795405 -0.059065707 -0.827874064 -534.882934570
-0.832766891 0.067535207 0.549489021 59.685913086 0.023271440 0.995924592 -0.087136015 34.646144867 -0.553134322 -0.059776586 -0.830944717 -535.959899902
-0.836232424 0.061587475 0.544905782 60.411300659 0.017734203 0.996190786 -0.085377991 34.526458740 -0.548088312 -0.061732367 -0.834139287 -537.031494141
-0.838824272 0.056469377 0.541465580 61.111587524 0.011310687 0.996198773 -0.086371206 34.404659271 -0.544284701 -0.066325933 -0.836274505 -538.103515625
-0.840968192 0.054916427 0.538290441 61.813598633 0.007861195 0.995971203 -0.089327537 34.288379669 -0.541027427 -0.070890009 -0.838011861 -539.173400879
-0.842611849 0.055412535 0.535662770 62.507934570 0.007795905 0.995842814 -0.090753466 34.154006958 -0.538464904 -0.072293967 -0.839541078 -540.231323242
-0.843086600 0.056586567 0.534792364 63.200942993 0.007949910 0.995651424 -0.092817374 34.029895782 -0.537719190 -0.074001528 -0.839870155 -541.301391602
-0.842697322 0.059493951 0.535090327 63.889770508 0.010103593 0.995448232 -0.094766937 33.902656555 -0.538292766 -0.074453518 -0.839462698 -542.393371582
-0.841900527 0.060556967 0.536224008 64.582031250 0.010299045 0.995305657 -0.096232019 33.771808624 -0.539534271 -0.075495206 -0.838572145 -543.476806641
-0.841169655 0.062432215 0.537155151 65.278915405 0.011270922 0.995121539 -0.098010547 33.635623932 -0.540653646 -0.076389268 -0.837769747 -544.552124023
-0.839744270 0.063499771 0.539256215 65.968963623 0.012406919 0.995122910 -0.097859651 33.500946045 -0.542840302 -0.075486571 -0.836436510 -545.625671387
-0.838804364 0.062870622 0.540790737 66.663101196 0.011433108 0.995125115 -0.097956553 33.367012024 -0.544312954 -0.075983465 -0.835433960 -546.672851562
-0.836865783 0.061603107 0.543930948 67.358703613 0.009548644 0.995139182 -0.098013818 33.230182648 -0.547324955 -0.076830596 -0.833386064 -547.719360352
-0.833882630 0.059892308 0.548682570 68.059020996 0.008095060 0.995315254 -0.096342385 33.106731415 -0.551882267 -0.075896651 -0.830461085 -548.786376953
-0.831066012 0.056969497 0.553248584 68.772262573 0.005871141 0.995583296 -0.093698531 32.975685120 -0.556142986 -0.074621461 -0.827729821 -549.822021484
-0.826628506 0.054318622 0.560120344 69.484039307 0.003961487 0.995867610 -0.090729594 32.845397949 -0.562734067 -0.072780736 -0.823427796 -550.874328613
-0.822438598 0.056457236 0.566045403 70.201675415 0.005840315 0.995848358 -0.090839967 32.722457886 -0.568824053 -0.071404405 -0.819353819 -551.902160645
-0.817001581 0.056607064 0.573850214 70.911376953 0.005316989 0.995867074 -0.090666719 32.590877533 -0.576610923 -0.071023710 -0.813925982 -552.921630859
-0.810969412 0.059621565 0.582042933 71.638992310 0.005913170 0.995578825 -0.093743205 32.470138550 -0.585058689 -0.072581150 -0.807736516 -553.929931641
-0.804159999 0.060892820 0.591285646 72.376480103 0.007513178 0.995700777 -0.092322923 32.339271545 -0.594365418 -0.069799967 -0.801160097 -554.938354492
-0.797009587 0.062617540 0.600711942 73.126937866 0.007508445 0.995561481 -0.093814187 32.212471008 -0.603919983 -0.070260383 -0.793942034 -555.908874512
-0.787642896 0.065272689 0.612664759 73.895736694 0.008556031 0.995435417 -0.095053069 32.081668854 -0.616072595 -0.069625877 -0.784606099 -556.918029785
-0.778652430 0.067324795 0.623833060 74.687896729 0.009662360 0.995395601 -0.095363937 31.953235626 -0.627381146 -0.068227664 -0.775717616 -557.899353027
-0.768989980 0.065918542 0.635853052 75.492111206 0.007937429 0.995577216 -0.093611553 31.831981659 -0.639211535 -0.066939309 -0.766112089 -558.880920410
-0.759794295 0.067835525 0.646614969 76.310852051 0.008937845 0.995537996 -0.093938306 31.696765900 -0.650102139 -0.065594442 -0.757010341 -559.833068848
-0.749353051 0.070027657 0.658457398 77.134185791 0.010696666 0.995542705 -0.093703769 31.574684143 -0.662084222 -0.063173912 -0.746762037 -560.787414551
-0.738198042 0.071339682 0.670801163 77.968078613 0.012548718 0.995672464 -0.092080221 31.454673767 -0.674467266 -0.059555750 -0.735898733 -561.729858398
-0.727562487 0.071900614 0.682263255 78.819992065 0.014283530 0.995864809 -0.089717753 31.328720093 -0.685892701 -0.055530153 -0.725580871 -562.633422852
-0.715693533 0.073942482 0.694489241 79.663162231 0.017332844 0.995953918 -0.088177480 31.206859589 -0.698199391 -0.051070582 -0.714079499 -563.516601562
-0.703341067 0.076364271 0.706738830 80.530944824 0.020276088 0.995963693 -0.087436892 31.089164734 -0.710563242 -0.047168069 -0.702050686 -564.375549316
-0.688536584 0.078476056 0.720943034 81.387115479 0.023270816 0.996006668 -0.086192481 30.969203949 -0.724828064 -0.042569760 -0.687613249 -565.223388672
-0.674238801 0.080256268 0.734139562 82.266845703 0.025553148 0.996017575 -0.085416630 30.850444794 -0.738071144 -0.038831629 -0.673604548 -566.030456543
-0.658784270 0.080788262 0.747981668 83.160278320 0.025975805 0.996067405 -0.084705405 30.725425720 -0.751883328 -0.036373165 -0.658292055 -566.844360352
-0.643911183 0.082441755 0.760645747 84.084686279 0.026334615 0.995976806 -0.085654750 30.615306854 -0.764647007 -0.035122726 -0.643491566 -567.614624023
-0.626571953 0.084240973 0.774797320 85.019699097 0.028497199 0.995952725 -0.085240990 30.494300842 -0.778842330 -0.031330053 -0.626436770 -568.391174316
